3
51
135
136
152
189
204
288
292
300
306
314
325
326
338
339
345
347
351
353
355
356
358
359
360
373
388
391
404
405
406
407
409
413
414
415
420
422
424
425
426
427
429
431
432
440
441
442
443
447
448
449
451
453
454
456
458
460
461
463
465
467
469
472
474
477
479
480
481
485
486
496
497
498
500
501
502
505
506
508
511
512
513
514
515
516
517
518
520
587
598
605
621
649
693
744
755
790
799
805
823
834
849
851
905
943
945
1010
1011
1012
1013
1014
1015
1018
1019
1022
1025
1031
1032
1047
1052
5465
5467
5480
5496
5497
5498
5545
5636
5770
5803
6263
6392
6393
6394
6395
6396
6400
6402
6404
6406
6408
6410
6411
6412
6413
6420
6421
6422
6423
6426
6427
6428
6430
6431
6432
6436
6441
6448
6459
6969
8535
8775
8844
8960
9030
9032
9039
9063
9293
9475
9486
9487
9493
9511
9626
9633
9643
9647
9649
9653
9657
9658
9672
9682
9721
9722
9767
9772
9773
9777
9779
9780
9781
9804
9835
9859
9863
9865
9878
9890
9898
9914
9931
9948
9958
9963
9987
10002
10017
10021
10044
10068
10070
10072
10085
10089
10093
10096
10129
10130
10135
10141
10142
10174
10192
10201
10224
10244
10245
10249
10256
10258
10273
10411
10425
10495
10548
10585
10602
10604
10657
10659
10822
10823
10826
10886
10979
11022
11038
11048
11052
11054
11056
11057
11063
11072
11075
11077
11080
11081
11085
11087
11090
11097
11099
11100
11102
11114
11123
11127
11128
11131
11142
11148
11151
11152
11153
11154
11155
11156
11159
11161
11171
11175
11179
11182
11187
11192
11195
11196
11198
11199
11201
11203
11205
11206
11210
11211
11214
11217
11235
11240
11242
11244
11251
11253
11267
11272
11273
11293
11318
11347
11381
11389
11390
11394
11397
11398
11405
11418
11433
11437
11453
11458
11460
11473
11577
11583
11586
11590
11605
11609
11617
11627
11633
11640
11641
11643
11649
11657
11711
11727
11731
11735
11737
11740
11741
11745
11752
11767
11773
11776
11806
11816
11819
11839
11840
11844
11849
11850
11854
11858
11859
11865
11866
11869
11873
11902
11904
11907
11941
11942
11945
11949
11953
11955
11959
11967
12016
12025
12026
12030
12036
12038
12040
12046
12048
12050
12052
12054
12064
12070
12095
12099
12109
12123
12126
12142
12148
12158
12160
12162
12191
12195
12198
12229
12244
12256
12257
12263
12295
12300
12306
12349
12360
12362
12367
12394
12401
12407
12409
12425
12429
12435
12439
12455
12463
12513
12605
12873
12900
12920
12928
12937
12942
12960
12970
12974
12975
13103
13109
13111
13116
13137
13149
13152
13190
13193
13206
13293
13337
13345
13396
13418
13559
13560
13565
13613
13645
13654
13663
13665
13666
13699
13701
13719
13737
13743
13744
13753
13755
13763
13769
13790
13795
13810
13814
13817
13832
13845
13847
13849
13855
13857
13869
13871
13880
13893
13934
13942
13944
13998
14014
14024
14026
14035
14048
14055
14077
14087
14112
14114
14144
14150
14151
14154
14156
14164
14176
14177
14180
14208
14215
14221
14223
14225
14377
14428
14433
14460
14479
14489
14491
14524
14537
14540
14542
14567
14570
14589
14614
14618
14629
14633
14634
14639
14654
14657
14662
14665
14717
14721
14725
14739
14753
14779
14798
14817
14819
14821
14839
14880
14888
14916
14935
14962
14988
14995
15020
15025
15033
15057
15061
15073
15077
15105
15119
15162
15187
15201
15211
15221
15268
15298
15300
15310
15314
15318
15325
15329
15345
15357
15359
15369
15386
15398
15425
15436
15475
15504
15512
15514
15538
15540
15553
15554
15561
15564
15566
15602
15624
15660
15662
15685
15751
15757
15773
15781
15783
15785
15788
15794
15796
15800
15820
15822
15829
15835
15837
15865
15866
15903
15919
15927
15935
15939
15941
15942
15952
15954
15962
15963
15964
15985
16000
16013
16021
16022
16026
16036
16046
16048
16060
16061
16067
16071
16072
16073
16075
16078
16082
16083
16087
16088
16091
16101
16103
16105
16107
16109
16111
16124
16127
16136
16140
16152
16168
16218
16232
16236
16238
16271
16272
16290
16330
16334
16349
16382
16401
16430
16442
16454
16489
16493
16520
16540
16558
16581
16627
16649
16659
16661
16665
16671
16673
16677
16679
16685
16726
16770
16799
16862
16897
16911
16912
16914
16940
16977
16988
17049
17086
17088
17097
17129
17141
17155
17157
17167
17168
17196
17202
17234
17250
17299
17353
17366
17367
17376
17381
17384
17394
17403
17404
17413
17414
17416
17439
17443
17448
17449
17454
17455
17461
17462
17465
17472
17485
17487
17489
17495
17497
17506
17524
17532
17535
17547
17552
17564
17565
17570
17573
17584
17585
17592
17605
17632
17642
17647
17670
17690
17692
17696
17701
17702
17708
17709
17713
17717
17725
17728
17733
17738
17741
17752
17753
17754
17760
17762
17764
17773
17789
17790
17804
17811
17813
17838
17846
17867
17889
17890
17906
17935
17961
17977
17987
17989
17990
17992
18016
18037
18063
18071
18074
18076
18085
18090
18112
18113
18115
18116
18119
18124
18131
18137
18145
18148
18152
18153
18159
18161
18174
18189
18198
18199
18212
18213
18231
18239
18251
18281
18286
18295
18297
18305
18309
18311
18324
18362
18365
18367
18373
18374
18375
18389
18397
18398
18400
18401
18402
18416
18418
18422
18423
18426
18428
18448
18449
18450
18461
18473
18487
18489
18507
18511
18512
18513
18526
18528
18530
18531
18549
18563
18564
18566
18567
18570
18571
18576
18578
18580
18585
18597
18601
43110
43154
43168
43169
43185
43186
43190
43191
43205
43219
43229
43236
43237
43282
43290
43313
43321
43327
43329
43340
43348
43396
43400
43407
43432
43440
43447
43461
43462
43464
43465
43485
43520
43521
43595
43599
43625
43638
43641
43650
43753
43758
43761
43768
43779
43784
43787
43800
43829
43831
43833
43845
43849
43856
43861
43865
43871
43873
43876
43886
43897
43906
43911
43912
43914
43916
43917
43918
43922
43931
43932
43940
43941
43948
43949
43952
43955
43957
43959
43962
43966
43971
43981
43982
43989
43995
43996
44005
44006
44013
44014
44016
44023
44030
44086
44093
44094
44102
44104
44123
44131
44133
44134
44137
44151
44155
44156
44157
44159
44166
44177
44181
44186
44210
44214
44215
44217
44222
44223
44250
44269
44298
44333
44345
44346
44353
44354
44371
44372
44381
44384
44393
44398
44399
44400
44639
44779
44824
44933
45013
45074
45155
45189
45196
45204
45206
45214
45216
45223
45232
45234
45242
45253
45260
45264
45296
45302
45362
45516
45616
45617
45637
45642
45644
45648
45653
45659
45671
45683
45687
45705
45716
45720
45728
45735
45738
45744
45799
45811
45826
45830
45832
45835
45857
45873
45877
45880
45889
45894
45944
45977
46006
46061
46072
46077
46078
46090
46098
46124
46140
46143
46144
46148
46153
46158
46164
46165
46168
46169
46191
46192
46198
46210
46211
46213
46222
46228
46244
46250
46251
46257
46269
46272
46274
46285
46295
46303
46306
46308
46311
46320
46339
46356
46364
46366
46370
46374
46375
46377
46382
46395
46397
46413
46418
46442
46445
46478
46479
46482
46484
46488
46498
46519
46520
46523
46524
46527
46531
46536
46568
46572
46577
46580
46584
46587
46589
46590
46592
46593
46602
46603
46605
46607
46608
46611
46612
46626
46629
46632
46647
46693
46697
46712
46713
46722
46727
46741
46746
46747
46793
46813
46816
46825
46830
46833
46835
46839
46847
46866
46867
46872
46876
46878
46879
46885
46893
46896
46903
46920
46922
46929
46930
46931
46940
46941
46944
46945
46949
46952
46953
46954
46959
46971
46974
46979
46990
46994
47001
47002
47018
47023
47031
47057
47058
47061
47063
